0 6 0 0 7 8 0 0 0 0 0 0 0 6 0 0 0 0 0 0 0 0 6 0 0 0 0 6 0 0 0 0 0 0
0 0 0 0 7 8 0 0 6 0 0 0 0 0 0 0 0 6 0 0 0 0 0 2 2 2 2 2 2 2 0 0 0 3
0 6 0 0 7 8 0 0 0 0 17 17 17 17 17 17 17 0 0 0 0 0 6 2 13 13 13 13 13 2 0 0 0 3
0 0 0 0 7 8 0 0 0 0 17 0 0 0 0 6 17 0 0 0 6 0 0 2 13 13 13 13 13 2 0 0 0 3
0 0 0 0 7 8 0 0 0 0 17 6 0 0 0 0 17 0 6 0 0 0 0 2 13 13 13 13 13 2 0 0 0 3
0 0 0 0 7 8 0 0 0 0 17 0 0 0 0 6 17 0 0 0 0 0 0 2 2 2 13 2 2 2 6 0 0 3
0 0 0 6 7 8 0 0 0 0 17 17 17 0 17 17 17 0 0 6 0 0 0 0 6 0 5 0 0 0 0 0 0 3
0 0 0 0 7 8 0 0 6 0 0 0 0 0 0 0 0 0 0 0 0 0 0 0 0 0 5 0 6 0 0 0 0 3
0 0 0 0 7 8 0 0 0 0 0 0 0 0 0 0 0 0 0 0 0 0 0 0 0 0 5 0 0 0 0 0 0 3
0 0 0 0 7 8 0 0 0 0 0 6 0 0 0 0 0 0 0 0 0 0 0 0 0 0 5 0 0 0 0 0 0 3
0 6 0 0 7 8 0 0 0 0 0 0 0 0 0 0 0 0 0 0 0 0 0 0 0 0 5 0 0 0 0 0 0 3
0 0 0 0 7 8 0 6 0 0 0 0 0 0 0 0 0 6 0 0 0 0 0 0 0 0 5 0 0 0 0 0 0 3
0 0 0 0 7 11 9 9 9 9 9 9 9 9 9 9 9 9 9 9 9 9 9 9 9 9 5 9 9 9 9 9 9 9
6 0 0 0 7 12 10 10 10 10 10 10 10 10 10 10 10 10 10 10 10 10 10 10 10 10 10 10 10 10 10 10 10 10
0 0 0 0 7 8 0 0 6 0 0 3 3 3 3 3 3 3 3 3 3 3 3 3 3 3 3 3 3 3 3 3 3 3
0 0 6 0 7 8 0 0 0 0 0 3 3 3 3 3 3 3 3 3 3 3 3 3 3 3 3 3 3 3 3 3 3 3
0 0 0 0 7 8 0 0 0 6 0 0 3 3 3 3 3 3 3 3 3 3 3 3 3 3 3 3 3 3 3 3 3 3
0 0 0 0 7 8 6 0 0 0 0 0 0 3 3 3 3 3 3 3 3 3 3 3 3 3 3 3 3 3 3 3 3 3
0 0 0 0 7 8 0 0 0 0 2 2 2 2 2 2 2 3 3 3 14 14 14 14 14 14 14 14 14 14 14 14 3 3
0 6 0 0 7 8 0 0 6 0 2 13 13 13 13 13 2 3 3 3 14 15 15 15 15 15 15 15 15 15 15 14 3 3
0 0 0 0 7 8 0 0 0 0 2 13 13 13 13 13 2 0 3 3 14 15 15 15 15 15 15 15 15 15 15 14 3 3
6 0 0 0 7 8 0 0 0 0 2 13 13 13 13 13 2 0 0 0 14 15 15 15 15 15 15 15 15 15 15 14 3 3
0 0 6 0 7 8 0 6 0 0 2 2 2 13 2 2 2 0 0 0 14 14 14 14 14 14 15 14 14 14 14 14 3 3
0 0 0 0 7 11 9 9 9 9 9 9 9 9 9 9 9 9 9 9 9 9 9 9 9 9 9 9 9 9 9 9 9 9
6 0 0 0 16 10 10 10 10 10 10 10 10 10 10 10 10 10 10 10 10 10 10 10 10 10 10 10 10 10 10 10 10 10
0 0 0 0 0 0 6 0 0 0 0 0 0 0 0 0 0 0 0 6 0 0 0 0 6 0 0 0 0 6 0 0 0 0
0 0 0 0 0 4 4 0 0 0 4 4 4 6 0 0 4 4 4 4 0 0 0 0 0 0 4 0 0 0 0 0 0 4
4 0 4 0 4 4 4 4 0 4 4 4 4 4 0 4 4 4 4 4 4 4 0 4 4 0 4 4 0 4 0 4 4 4
4 4 4 4 4 4 4 4 4 4 4 4 4 4 4 4 4 4 4 4 4 4 4 4 4 4 4 4 4 4 4 4 4 4
4 4 4 4 4 4 4 4 4 4 4 4 4 4 4 4 4 4 4 4 4 4 4 4 4 4 4 4 4 4 4 4 4 4
1 1 1 1 1 1 1 1 1 1 1 1 1 1 1 1 1 1 1 1 1 1 1 1 1 1 1 1 1 1 1 1 1 1
1 1 1 1 1 1 1 1 1 1 1 1 1 1 1 1 1 1 1 1 1 1 1 1 1 1 1 1 1 1 1 1 1 1
1 1 1 1 1 1 1 1 1 1 1 1 1 1 1 1 1 1 1 1 1 1 1 1 1 1 1 1 1 1 1 1 1 1
1 1 1 1 1 1 1 1 1 1 1 1 1 1 1 1 1 1 1 1 1 1 1 1 1 1 1 1 1 1 1 1 1 1

